2562
2101
243
93
19
140
1721
3399
683
2365
3074
306
815
209
2766
1156
3631
1027
3097
3727
441
2346
3817
3616
3298
696
941
1634
1534
2737
3557
729
1202
315
2863
413
3248
3697
1411
2621
2
2261
2561
2306
1561
2188
2491
2572
1229
2738
3657
1852
160
3744
2425
3786
3612
1087
1267
2463
874
2730
818
1448
919
984
3830
3755
1007
3673
1793
2809
452
3619
3805
3085
2465
891
3811
1551
854
2947
3715
1727
3517
2479
1301
2928
3122
969
2790
3158
143
669
845
2372
2382
1964
2211
582
3897
2248
3705
601
83
2472
3347
709
1880
3233
1130
3829
3588
3765
2150
3315
1374
2502
3970
1810
3415
1610
339
3924
2250
1020
3439
15
1036
2999
1290
3119
7
478
850
114
2604
2062
3135
3873
3133
3355
1361
55
3071
44
811
594
2993
1686
956
1707
79
1442
3976
2068
115
2028
1380
1066
181
2756
469
3401
1270
2698
573
526
217
965
2173
1591
2171
1145
1358
1685
2443
279
3698
2378
2758
2393
1386
2566
2650
2131
343
2164
3063
1033
1131
2861
1495
3173
503
2092
2912
2008
3759
2622
3167
2061
3935
2641
2627
3806
135
567
1612
323
3524
935
1184
1884
434
1108
3647
3731
3131
3948
2091
1738
1048
247
1134
3479
3206
3094
2858
3521
641
3303
2931
3649
3186
2832
1183
2541
2743
3528
3382
725
221
783
1072
2898
3859
2011
3962
2482
2179
564
499
1566
886
508
1982
1602
1185
1578
3238
518
449
1342
1920
2017
2588
68
86
88
1426
2875
3020
991
1753
3204
2986
3875
2516
3409
876
2104
1305
2596
2429
3235
958
718
253
2475
2772
125
3060
1547
1250
2682
222
1629
134
1199
3890
914
56
30
1071
277
1125
2833
1170
1653
2078
293
1030
2767
2069
1567
3500
3827
98
983
2244
2004
2321
642
372
998
3324
747
3639
1366
623
71
1575
328
342
3314
1769
1085
1894
558
3326
3136
3216
960
2877
2593
1649
2655
1359
2817
1818
2771
2693
740
2794
482
2961
3989
3704
1220
1733
2060
2804
1018
772
2594
2376
570
2866
2338
2808
2353
168
2203
2642
10
1864
1918
2184
3353
1736
2363
2783
3959
3504
894
297
2810
1165
521
3283
3321
380
1295
1285
3980
448
832
1459
3630
