18160
27071
29730
27786
2027
29960
4607
22306
12107
31621
15663
14794
2618
14204
8811
32347
28568
16456
15745
38853
30696
830
29189
25900
18775
24705
32907
5108
10364
35906
35180
9260
15944
6157
38123
4565
37117
19113
36395
9959
29334
35742
20061
4292
26686
34775
27133
35949
11595
19690
30447
29355
1851
8769
32937
3384
7160
33673
11350
6663
4590
27402
2936
35368
31510
10397
35478
20800
35825
7687
11849
36064
1776
16154
8950
38815
22092
1839
14139
18444
9026
36537
2616
25770
15924
14548
13048
306
5646
3961
27748
31136
24043
13454
21848
13767
8403
14737
37607
16253
39422
26877
39594
15452
3986
11931
4458
36380
17441
17648
33270
30483
32462
26159
36779
12823
36247
38190
34473
35079
28177
16102
1183
23627
29139
1801
36438
990
38716
14825
2349
1833
7673
18162
29790
963
8622
314
26555
25873
6017
14214
32351
14472
450
39575
39508
5926
5203
34666
8017
39018
36335
38592
25870
36797
14431
29456
10410
32672
35722
6563
14887
34494
10956
20704
25453
6053
20242
14865
21569
9590
23951
39535
31728
30543
28990
38255
35316
4166
1490
22996
4005
6845
28906
28553
33888
36154
24878
36060
7502
20721
28022
11453
11998
37124
38020
33055
19660
7266
26434
29567
13381
13311
12938
4283
10798
22118
37657
31790
6547
24066
13763
30036
29661
11187
12170
38171
18652
17781
23730
10212
28944
37274
27482
986
22046
13853
8489
26891
14280
38283
15398
18521
18529
28783
27058
36501
37715
36342
15794
27784
30628
12292
14213
24256
27561
28346
39069
28534
25056
6699
13873
5026
2890
30464
32070
21447
587
6609
4796
5053
3921
22985
22729
23023
34765
15257
38618
31752
32722
4173
23934
34057
6418
14726
3372
13272
29495
18788
13204
38117
32368
23061
24040
6240
12388
8747
21335
14015
17617
29030
11736
17778
9971
16839
2914
27163
36215
33376
33127
20190
38300
36843
15002
32503
8509
20788
37578
31536
28125
1157
22699
15377
35926
16394
3995
30731
14079
22413
22845
3334
34807
39527
9683
23520
3513
37531
12347
34608
15469
6470
11956
13632
24818
27271
23694
412
26166
10586
11605
5436
32093
34344
11024
20323
30595
27176
37643
24081
12173
11712
35864
15309
22174
31421
612
11927
38673
13954
29485
17204
38926
33380
38756
27224
7202
1316
30225
30937
20104
13186
38107
39303
25103
14643
6478
8669
28447
10821
33202
12739
23735
37276
13753
10686
10205
28615
14127
13570
16458
3373
15853
8589
11564
23940
39657
26051
17805
21223
24369
33156
20615
16693
8114
32049
31029
26847
30508
6156
22010
2889
74
25007
17880
20560
488
31315
18589
30264
12229
30466
28064
6634
28766
18445
15549
15087
17506
36327
38767
13780
806
616
2432
36951
14781
14068
16363
25950
16312
38557
12519
15628
18930
21885
35519
24228
10581
13497
7053
1276
26179
13469
12706
36031
4569
2342
1026
8597
36026
5145
14951
19571
32894
22050
11290
17237
14408
36171
19763
1282
25516
9684
20869
32040
7862
11985
9556
39824
6706
20903
13714
21649
37228
5031
19122
12961
32868
34665
39125
34553
3204
26577
20245
22426
34342
17847
901
1684
27106
1708
449
2201
15528
1424
13650
746
15709
37298
31071
17384
8428
17141
35553
14176
10933
1350
18473
1670
9441
38817
33032
7322
28486
5328
17268
10618
32874
6705
5363
19026
34974
24049
20331
14534
2526
2436
35616
19093
21458
10324
28166
1230
26806
32489
35810
35783
13032
8462
11965
33880
28101
9114
23221
17086
16037
23817
32297
30565
22042
29195
31419
9758
2849
13016
26912
12942
34811
8791
34023
38324
19773
23670
31362
3745
27894
24828
608
35217
29740
28428
16032
20107
38276
16237
28347
34212
5764
34330
9738
37015
6534
18765
11405
10292
11272
1808
38493
31052
8696
9066
37583
28535
32714
33365
29906
10565
3374
10595
34734
36405
38157
5682
4294
20960
1977
23700
3830
12418
23646
20476
13847
19790
30062
29462
15719
4551
1003
8410
23673
32348
2978
7409
20004
19355
6074
29452
15716
15513
7869
36528
27397
32081
24300
22653
39874
32908
18771
30856
13096
27669
18833
1899
22759
22129
10504
21183
36003
24888
15759
19353
18083
1880
34591
19041
31492
13202
35147
11408
33237
24536
36845
25809
38992
29527
30240
14612
19390
5611
14436
73
31611
28032
966
13509
24054
6284
37186
21937
15013
38156
5478
10044
1340
2301
29746
18440
20439
37073
38319
37996
33148
13683
4761
13592
32809
1192
15361
15324
3972
38534
37158
23749
8569
39726
1731
34936
198
29758
8481
32273
3482
24777
3394
37575
11117
6217
36644
27390
31549
33107
25651
8127
20037
37928
8310
31543
17788
32426
8803
8265
29387
22865
23026
39290
378
22908
6612
10258
19331
35085
137
13726
18367
23589
7042
22422
34772
37702
20477
13345
19459
1992
4856
29018
17514
21177
4351
9154
3174
33120
9257
38275
20551
7389
34598
33341
7003
19725
22675
29177
1464
19461
26121
11114
20668
27913
4234
18020
17904
5048
30021
3617
4101
12766
15778
13978
19516
16182
12645
15660
17197
1623
28299
4624
4059
36668
3568
5511
27503
2710
25658
7973
20085
7864
13816
11451
228
20655
25922
27770
31550
17025
1306
20678
26456
9510
18464
22719
27345
33683
36902
29316
4676
29127
3874
14191
34357
24062
3789
32300
152
36590
39284
22592
6367
18058
2957
21602
29916
18729
9429
2111
297
14207
36392
15316
13734
3854
38910
31866
28224
4263
23614
17349
21486
33640
27572
31921
25129
23200
3297
29757
3825
11076
29260
11373
27775
34125
19495
4728
6717
27518
11302
17430
34124
14059
3531
11031
11450
19933
9079
5843
21859
14089
8424
14782
32938
31776
25488
676
29101
12848
14226
20277
18562
36489
38260
8883
13595
12339
21125
10490
24609
34130
36544
28055
37973
10077
12156
38017
21263
32130
29243
17559
30997
14607
22091
7768
38474
11204
18666
29074
17279
170
31474
22743
27877
28804
30366
33580
12704
23902
2351
30711
12902
7903
15616
38996
39148
37958
19343
24620
5366
19728
26563
16601
34773
9432
8227
31851
9545
30157
19234
37817
1404
9255
22883
27225
29436
38304
13587
32461
20411
4960
22545
1356
6003
14849
18262
395
19426
25390
28047
13119
35813
16840
11245
33812
12251
32444
11336
15141
23663
26860
35930
4730
26559
14396
19663
26504
16066
34195
18205
35894
39639
8923
3915
32270
31365
31181
12402
12777
30296
14333
23584
36055
10141
7407
15364
4051
16714
34735
30452
29453
29257
9574
33333
2686
30864
2631
37615
19125
21939
784
37581
6540
26923
27875
23154
23244
21130
7022
27992
37660
37953
842
6828
11978
1396
27970
7799
10460
24964
957
1884
22164
12638
36202
9699
9682
502
33161
8065
8775
32839
9871
27305
12862
38816
10741
22506
23304
35138
1755
624
15807
19409
38727
30793
7247
25638
4621
22114
19745
24044
28169
6383
2165
14330
31255
35991
33949
21856
20865
5757
31063
19018
4635
14760
8996
25817
20001
21294
15946
35154
3360
29329
8235
29996
33858
4062
20444
23172
22640
18286
39941
4253
32957
22914
35892
20174
21084
16153
17694
34826
8025
16282
9686
6316
9291
19438
12631
24325
26413
11575
16648
5499
9691
13320
39342
16916
7068
12278
1010
20478
19697
36740
26932
15048
28192
31624
34822
24927
17536
26106
21591
19674
26776
17754
7450
22684
32413
13729
10166
32629
34606
27710
1998
36713
3205
10489
17636
34750
38199
11147
6482
34073
19551
11423
30808
34335
14349
18884
12459
13670
28797
19731
38425
26832
37203
17020
28202
27290
785
6111
11768
10524
32851
22080
3091
17453
28687
21315
22192
410
9388
26118
3615
15424
10013
18098
3040
3489
9637
26249
16315
12849
3323
6941
30949
20310
11036
16557
35793
1830
5437
27732
9887
5679
6686
32720
35600
36308
31058
3080
28494
13732
31113
4079
9651
30829
33772
218
24869
19702
27329
12140
5824
10600
4823
35012
2854
17750
9098
30945
35706
23723
6711
21840
8712
26123
38204
22158
32163
37647
5990
12901
8239
28989
24948
39853
1256
22300
14368
2612
7985
25906
4629
3953
33939
8582
19419
18953
12592
7652
33490
36924
38343
32832
29800
10331
14971
24133
20738
20236
27721
10015
39458
26556
3924
34865
4593
21222
2037
25600
9854
28707
32885
27591
26572
36256
31404
13610
33511
10979
976
27965
35701
28427
20089
17274
32791
33415
32225
38497
13393
454
27300
19218
15092
15348
27178
14218
32442
30080
16350
14701
20409
9765
9034
11825
24284
29163
7820
7971
3591
30514
35363
28117
37286
6247
38987
20008
1036
10109
18960
26778
11211
8614
24645
26617
39417
1661
23976
6826
24264
9169
24895
14209
35350
23362
10303
36921
38521
30761
32478
32911
6772
38108
28600
16826
8910
31530
18780
8890
4974
21677
12075
13757
33827
11482
3648
17953
16955
38498
3739
2071
39783
9163
30569
16796
24027
18661
34617
15609
20
11695
11745
27609
23984
24938
1857
5310
1697
15880
5199
32007
22716
6233
8919
2041
2277
32425
19091
34279
32217
26418
16965
1039
18187
14480
9639
25400
25790
28980
14024
39246
20852
13934
39226
14120
10187
21895
2394
15101
26693
29118
28044
2895
8514
20899
1950
16038
36848
18522
719
7361
19628
38006
30518
9370
26592
20694
10288
23690
22603
8624
7357
12237
669
4941
18811
4724
32550
20033
16411
1863
36602
17997
18523
19215
6005
18520
13463
36251
2604
2898
172
26940
34911
1959
28557
28089
30833
19317
26092
20639
17956
16129
5391
33507
37590
23001
6410
12134
8076
30653
16857
39155
18824
35643
31184
33228
39031
18699
32390
36600
10843
21724
1270
17888
38636
29207
31739
30903
24747
3861
4698
23007
37327
14168
36945
23133
16166
12453
6325
6613
18519
11328
9606
35676
20355
34047
4344
30718
27018
19766
22146
36814
38972
30662
28547
13636
19036
36987
24267
3262
2356
36084
32718
8647
21988
35971
30701
2624
39143
29759
4854
9981
20274
20239
17660
7271
19178
10415
14112
20612
23978
20109
667
32013
13281
6802
9575
26349
32798
37328
9791
9050
10400
6680
24804
21205
39869
15193
24246
2272
6449
29766
24393
24635
20449
39122
1575
11907
39279
21151
21042
28828
25249
24238
14324
5881
20571
28311
27286
8281
32872
37122
19375
30617
26296
21584
30777
3630
10657
11919
33134
27388
10771
13090
31356
38064
14158
30135
9367
13909
19386
22872
21091
11526
28611
3529
17774
3502
19498
23498
17855
5345
14303
37317
11065
33658
20486
15384
13699
20127
5429
4498
27059
21077
8567
6909
5721
1280
23375
461
1022
23285
21513
17489
5151
1904
34639
5988
18435
19368
25916
30007
32546
37755
20038
28243
32771
27038
12243
29060
15175
31747
27856
20627
29961
38193
16504
24283
1756
13944
30656
3728
32375
31984
30739
10446
16756
1271
11569
35284
310
32323
24991
4490
17916
5185
23774
4359
36862
8957
34337
39596
31423
27711
30333
6390
38704
27602
12603
23996
10629
17907
26764
34252
17716
13835
14205
20509
12162
2661
21741
4834
26080
38799
14938
16381
8049
29600
6188
35070
29781
17764
21616
35769
10350
33059
37591
14022
22063
11992
37921
28368
30381
10801
30950
25985
19949
11367
24420
1129
20625
8844
16611
14673
33383
20336
6178
32906
8175
27787
30555
4074
5925
1788
1560
34753
13019
20445
2923
13185
33873
8390
30439
15052
15796
17835
37810
22534
23571
37438
10778
3697
27473
4703
1613
13855
10626
15169
33612
25910
15063
33218
16330
12455
24608
15482
2979
14668
31045
13720
696
39597
37323
1518
29494
18008
36119
24463
39391
21760
26897
27369
23593
31924
36791
1255
19283
33255
19267
9643
16196
30120
19075
31605
2293
22285
37801
18355
5094
4865
21829
27639
38212
19802
21730
35290
33247
29739
38539
33825
19711
20859
21174
7809
7385
30106
38537
20010
10841
35698
17031
2297
20562
2513
14514
38674
37807
1163
36057
3471
24946
5257
27119
25499
34091
37720
5773
17960
3918
34951
27759
23848
14061
34948
4729
6145
23675
35069
35787
32156
28780
17542
6291
31185
22941
6265
9425
13193
8867
20384
31839
16101
36023
17076
4530
24701
19509
20406
19245
12504
34081
22021
27511
19727
18822
25293
1312
5376
22202
37685
27282
36903
8575
15588
9485
36125
34878
18578
39621
31010
14138
16694
31900
1239
11780
508
8291
28765
37422
29966
18333
30658
29128
15682
34068
32860
2230
19815
16967
21444
31165
33869
7107
20942
29676
33627
37947
23913
2720
19376
2768
37126
21428
11560
8372
28573
29418
18914
14194
1438
24164
31194
11172
22952
31788
15007
292
24409
2042
29940
14739
31317
19830
25565
9954
3275
8429
27350
27867
28033
26301
36346
7583
21064
38837
3172
23132
31552
1918
3167
33269
23119
903
23725
35294
736
31952
7200
21934
13859
3521
9801
19143
25117
13431
15004
27968
552
33243
24064
11295
9187
1989
39852
37624
24865
5989
7578
21733
3357
34066
39745
27843
39010
12409
29479
16555
17332
16288
35900
35588
169
33115
25519
24611
25684
27896
22788
32925
13247
26134
29102
24173
3305
35022
25965
26484
8294
28466
37241
37374
39934
21159
4269
31371
3465
5595
35913
8284
6665
37522
2848
26483
12664
14237
32789
25385
8730
20587
38065
11053
36117
26348
5524
38318
18935
17954
7961
8737
32129
7136
11338
4437
16551
21316
111
24308
26542
23820
3512
33282
18415
39126
27127
1711
23868
20640
3554
2352
5979
25527
25211
15139
33024
13591
30600
1477
6906
36931
29432
23753
7325
10172
25079
31189
37907
6028
13958
15183
29429
31218
4766
16872
11293
2572
1043
20631
22629
36433
19180
35997
22243
14635
18678
26601
5791
9884
38697
3636
34392
2419
1960
13168
455
31934
10246
4892
23607
11247
32858
33364
29098
23385
13163
21399
13364
17378
3835
17597
30749
28084
16421
4860
6384
1865
26224
1671
24058
19092
22128
2930
13830
8917
9780
29840
33719
3560
807
19950
18864
11770
7494
4337
23630
8497
890
4271
35761
7771
24223
31277
2486
23382
12598
18217
21572
23866
36492
5842
38720
38581
25317
22965
26997
6902
16285
16452
5830
30224
33391
22216
23840
26
17354
18659
8635
21216
25481
16271
35257
5303
4495
12265
1494
3725
1363
1078
34188
19813
30088
36588
15088
18902
22570
34552
31489
13167
23536
30967
37431
5513
28069
39110
37467
27635
29435
34313
26390
7823
15447
38367
38599
11270
11658
32018
15927
22748
37052
23239
4407
3053
23126
8723
4505
4964
5091
27571
13548
12356
15721
16189
37231
2336
28991
33017
35016
25124
26680
33522
29497
10022
9106
2735
33577
32793
12667
12319
1598
39812
7157
31864
36338
7455
17911
14257
23824
1946
18704
3494
7303
16575
22514
24163
15281
26977
22408
323
16068
1221
28796
2062
33525
11277
21318
674
23289
2075
1219
25125
3359
2130
12760
31651
12357
28548
26186
10848
23176
29051
9380
35571
26143
26904
6329
24778
10820
847
34743
24502
14966
35884
3691
18200
12946
29717
10383
9862
11785
24765
29632
28813
34849
28115
31130
26324
23655
22436
33565
7525
17044
25927
6242
6467
1062
38044
34258
9919
25128
22850
16022
12797
26760
5358
14864
18460
15019
36192
35353
12457
13692
22772
25177
6115
33355
20352
1813
20122
10878
8592
7093
25278
34110
8057
23403
8061
20013
18650
20294
32677
4527
3199
16562
30453
17472
23454
95
14786
24459
34092
33524
30194
4525
39847
19776
2333
28248
30319
35831
11140
9389
26774
13243
31828
25360
39538
29360
13059
35176
34785
357
28424
10707
38071
3883
27461
15729
24876
36343
2973
32105
4927
37033
26960
39409
6834
36140
21134
26082
8084
14466
28626
34194
5098
26694
6364
23747
13661
39553
38393
30977
1217
29362
32250
36371
22736
11551
29431
22013
18865
8032
11578
21655
648
2210
10358
26721
37110
5608
16064
8271
7865
28555
6082
18325
6238
22450
34518
10413
31856
39435
19577
36275
22314
5507
18101
24935
406
8329
3983
3389
35762
22812
9964
18144
33643
39975
5406
18471
12399
8773
20927
17258
21884
33205
13153
15957
15871
5583
17583
33169
35122
1474
38246
15094
20616
30191
16485
8020
6271
6124
689
35395
809
23999
35376
11192
20851
31865
14425
28300
6752
38505
39475
33013
17480
13429
36865
27592
24654
1076
28270
33362
29731
17317
8404
6938
23407
20145
15775
38457
1274
22004
25928
21621
8546
2838
26044
21890
35167
29591
17942
1224
3057
13441
37111
17030
24389
37571
24551
29006
11942
15325
39799
25969
10506
37584
1155
26402
34153
10204
4010
30271
11704
8503
28242
4301
27093
26537
26018
20021
17674
34333
36846
33896
32712
4579
20470
25657
32764
8125
5463
21167
39227
2946
4085
38738
23831
16832
27869
11602
9085
18613
16239
39893
8961
39627
11874
21321
33126
35741
14676
14547
8305
10673
27251
37225
16949
12449
33631
9482
32566
21915
9326
13404
26016
32782
22364
18123
15749
24727
31013
22837
5286
25257
33510
11702
2181
39988
15494
17192
13406
38225
13673
2649
25899
38747
15857
25349
24570
9741
22794
23404
26350
21573
4808
10756
33934
38548
24954
32642
23549
12977
33979
20427
30020
3477
22563
22958
10958
19049
39027
2834
12281
37294
13344
8486
21770
36833
22746
37909
21307
16510
5879
28738
9150
27002
954
23746
17045
38988
19474
36871
30126
31812
7382
26020
27954
1978
8200
39840
572
10882
2987
17491
32996
26135
31252
39801
16067
6097
12324
5753
23590
33800
6437
28134
25163
9892
19491
12052
4982
35109
39216
37572
11184
11311
9262
15919
8872
39857
35366
31502
22475
19969
7173
13741
21424
35461
9063
6269
11335
35347
17057
37857
20533
547
340
7476
30608
5504
3154
29194
27579
37819
5687
23638
26611
13837
6327
5188
389
1717
37833
19217
9838
17512
1836
27951
12206
20342
2225
6355
970
28204
39187
25139
768
9391
27879
30137
37963
32711
39868
14917
32914
25822
1071
9866
2547
35794
35106
3589
14666
16584
25419
17504
31426
16480
7014
9236
34752
18505
28736
25045
37105
15329
1546
6125
21719
38523
2643
10420
4012
32178
39157
23986
7670
21938
38375
12749
13580
23560
11693
3438
30440
33774
26536
37198
10480
13784
30792
23412
17249
37377
17056
18362
12028
10295
38796
17405
31918
11430
17896
3224
13422
28503
16299
10599
32865
27822
13374
9588
22396
32766
25919
29928
8943
19023
12861
1174
1359
12736
7432
37309
2167
12543
7331
25345
22557
30009
18195
16340
37194
33441
31046
12709
27354
35280
34913
21057
38114
276
3036
15741
25032
6601
24926
8948
32622
27977
15387
21792
17655
15981
6073
32008
32165
13215
3593
39688
20745
26107
29665
16209
20147
21304
15419
13336
32343
32158
5122
28208
39918
30916
7120
3202
37999
19397
29483
35322
11356
4414
11707
18627
18240
11142
32593
24497
24891
19772
9356
9519
38018
31097
33687
33901
23859
3919
33149
17602
26376
12582
594
10437
19548
22714
36391
14008
24753
13420
3361
24997
7556
29645
32174
9447
8754
5760
25372
14763
10340
31796
19145
14633
22315
19694
18206
21864
31808
5623
6190
14507
4750
3381
26420
2534
25824
10075
33227
22212
27542
16304
864
10103
5374
14312
29246
22673
5644
23790
6170
26660
9355
17652
39405
20695
2801
36669
9166
23758
24762
27794
35273
14224
17675
437
6850
304
35822
3125
20772
9051
25975
12535
25996
35184
36377
2994
17667
10774
24338
13046
24108
12624
12146
368
20570
16408
3673
31281
18583
26648
15475
15736
22179
37787
21193
13963
12063
35321
23019
10064
10781
21219
27774
163
10754
32942
39731
37815
12566
2332
13589
14625
10377
27884
39592
23103
5863
38285
37468
21073
5390
27315
3566
34142
25864
2625
9673
25003
4678
21466
25603
6169
13818
15688
39452
19184
6429
22444
33773
17590
23995
34724
14906
32271
7377
5177
20265
8649
36357
29407
20920
36958
28546
19883
12928
16013
22647
22744
14536
7852
28411
2420
33817
26605
38542
31070
14863
21517
33011
1817
22060
6462
18256
1102
30747
8063
31950
6167
36283
4873
37699
24030
17162
18287
9518
3153
10168
27568
1301
23573
1612
34433
9800
5566
28532
13838
21161
38713
32946
26573
19618
28119
32627
19506
26742
8833
38509
6960
36801
38484
33373
11816
35638
12636
30911
36007
22733
26137
35683
17692
19662
1496
27531
16427
7016
27025
4862
38632
20929
3484
5808
28124
18571
28988
2573
27519
18676
5079
12083
10682
7340
31885
17711
31724
21692
829
13836
12119
888
3480
3922
6069
4487
34703
2671
34848
31917
21867
20585
21603
21160
39382
27799
27607
7529
17009
11411
428
30516
25347
23707
13430
17838
19741
7589
2341
3884
11397
11762
23658
17832
14621
6193
36296
35004
16729
25324
12070
28764
33400
8132
10690
35238
24850
6561
39566
15842
23207
24651
24034
7213
22277
33606
9803
5686
28643
1357
25709
14885
21966
7877
27209
33864
12951
8262
35577
985
6596
37285
21903
24426
27109
39619
15573
8772
20765
19630
29974
31691
9619
38349
11362
34174
23156
24113
30668
13488
7049
28078
16252
857
27938
33026
23666
29977
36694
28826
5697
20128
34993
24692
21536
36110
3934
3016
30063
20994
19528
30914
14040
36770
12384
38995
28708
8269
20043
11887
22834
10812
28371
22394
27004
6874
23713
20465
34078
8244
1430
2401
31714
347
12417
24752
3402
33834
31073
38967
27216
34439
7904
24983
34101
23365
18752
12611
12287
23082
12999
12569
26154
5850
20794
35800
25992
953
21684
35039
28141
30726
9641
30467
21809
2844
11988
25462
18369
18899
9477
21359
38093
34737
2471
10232
27930
1674
13611
10998
4883
21404
18100
22793
39376
5460
11841
29719
8317
31175
13370
17999
7697
19011
18881
37244
32363
39136
31450
17371
26120
30641
38598
16314
14599
18330
23069
24755
11087
33448
17912
30393
35574
7537
38384
6
28882
14273
12538
16847
30378
4181
13769
30961
7986
38759
34621
4465
38914
11106
15333
31785
39346
27772
24357
11438
39124
18151
28143
33494
576
7208
32286
1834
38124
34304
26510
6792
2522
21139
11876
13087
38184
13743
13557
10436
29744
32193
19552
38941
22271
37839
16860
13195
37349
19321
5982
1108
33545
37623
27123
19116
828
6618
31019
22388
13936
7040
26267
34758
22898
659
5440
9343
13299
7103
26204
33132
35291
20288
23766
38952
20233
19072
18923
20080
37049
13476
28840
13823
18009
8780
16082
13494
18375
36647
15034
32547
31212
8005
24169
6105
7245
21609
10833
29520
4727
13033
18533
15948
29684
18981
17906
28957
1719
18342
22766
13800
2676
33879
25265
14235
11885
34891
18938
39099
286
3714
33405
38400
11646
10050
8729
33488
1146
31976
29644
39606
19242
12123
8050
27427
14160
27184
35770
30869
9078
36759
609
13148
30678
14445
32329
15706
11684
21395
10481
20697
10306
19277
11072
26315
34432
7165
15237
39367
23464
30040
18785
18986
23561
10514
14901
23415
20225
33697
25512
21786
32570
5619
12843
2260
30028
5677
9869
30091
6026
12520
25775
28875
13315
38675
27994
36063
25844
19128
12371
10667
2335
27548
4528
11966
38789
36542
3530
1015
18111
23928
17303
5066
7970
13724
6134
14260
30974
38464
923
14944
21667
11911
19892
34883
22641
11457
1862
8994
24130
17124
38001
30215
18848
5314
5455
37379
13617
35223
16137
6710
23263
27060
37205
31625
32022
5967
12967
29576
34465
26701
11778
22463
34086
35987
20839
5282
21393
10469
10105
30442
17326
31994
11860
21835
18815
9403
10372
18628
25934
36453
23881
4625
25592
39353
37894
6574
4030
22188
1826
17151
32038
8999
22636
27651
31399
20309
38842
14419
7254
5343
21377
36040
21954
17400
33729
25722
30258
31835
37041
10152
38088
15748
39830
1042
16843
6332
17580
6723
5168
947
11724
37551
4162
19137
4390
22844
37913
4900
32432
33006
16375
20510
2331
16531
7853
10351
30769
22792
30813
22720
11459
8157
12516
86
9663
27779
26325
1783
11121
25362
24985
14486
31535
23551
11761
14595
2324
13624
34206
21931
20078
18371
14598
26528
39370
8399
2234
23371
33144
9764
25186
10740
11837
25077
16672
37368
530
182
13578
24601
29035
36615
10346
39055
4171
20103
33038
27901
19230
5497
14707
4491
19812
39102
5319
13696
34107
3927
6876
18594
11500
22366
68
20204
23223
4204
11703
19648
1373
6487
37116
27534
37670
5359
6651
964
11680
14173
9688
27781
38205
19846
29088
10119
15108
24816
12232
33377
22435
6143
7720
12639
14269
28654
35704
8675
37870
13083
27310
23833
1961
12581
19374
17347
14142
38920
34536
10715
19656
7969
11475
39985
83
34477
3310
24757
23065
20608
28273
37346
28747
32117
31292
9605
36673
1156
14259
28671
36166
19019
22446
26982
29625
1182
8373
21256
21962
28183
1506
32975
21899
9431
38824
32843
24386
38066
37944
22666
27991
27341
27023
3428
695
12361
38456
9968
30601
25138
30570
9714
24242
36212
28220
10793
15744
28282
24220
161
22614
28635
968
24424
27959
37546
25716
23377
23364
19996
11719
37764
33075
35225
12087
37063
2909
36675
39589
30786
2702
13618
29721
25794
39973
10425
1996
17981
36671
36442
22565
14662
14511
67
28457
20055
11859
3755
33342
23161
32234
37271
91
22797
3816
23439
9300
37656
20321
38477
32002
20228
8735
8477
3520
5493
20693
12857
2639
17153
20885
19578
35999
30320
25266
25902
